[gd_scene format=2]

[node name="DirectionalLight" type="Spatial"]

[node name="DirectionalLight" type="DirectionalLight" parent="."]
transform = Transform( 1, 0, 0, 0, 0.725506, 0.688215, 0, -0.688215, 0.725506, 0, 3.54245, 4.3739 )
light_energy = 0.75
light_indirect_energy = 0.5

[node name="DirectionalLight2" type="DirectionalLight" parent="."]
transform = Transform( -0.783303, 0.427822, -0.451004, 0, 0.725506, 0.688215, 0.62164, 0.539081, -0.568292, -4.02211, 3.54245, -4.22136 )
light_energy = 0.6
light_indirect_energy = 0.5

[node name="DirectionalLight3" type="DirectionalLight" parent="."]
transform = Transform( -0.0496342, 0.751158, 0.658254, 0.815042, 0.411392, -0.407998, -0.577272, 0.516254, -0.632644, 3.53382, -1.34497, -4.22136 )
light_energy = 0.25
